400
140037
33679
384378
453522
554295
44587
665820
347802
284691
260052
862556
180006
853784
357021
167748
558133
816201
364876
788892
291586
132485
632761
48368
666507
560307
717320
591136
78997
958979
317395
134013
795144
118175
680881
43884
552451
172895
788624
207340
563492
972064
128280
725870
896899
669622
901554
528932
977996
278620
171943
65336
413168
711148
238154
261441
844440
851410
178687
312099
920101
829346
60574
839747
942769
360930
544317
685098
538332
503041
493905
436662
650130
286955
54303
394177
378357
952720
772741
860648
545736
637112
624391
84058
204357
459629
472184
592525
818794
677584
926581
669679
727524
259415
897738
394775
894138
981077
716067
467053
19012
363313
955638
214779
962156
867296
493346
294864
317338
139992
876448
66152
517141
793982
605451
346749
198268
536273
100527
951407
463507
459227
598444
165891
843735
507727
536962
171724
135552
166192
700645
272963
869350
345738
848834
12028
661195
266053
689119
33612
188798
745520
423469
494986
257723
762309
643947
746425
529208
263055
996647
968907
317526
592772
520436
406342
424164
77518
649521
415772
873686
134235
44251
416140
153259
530591
155312
106766
950519
47084
451434
949803
558088
282297
116111
517277
465793
167609
314256
68280
403882
690052
425847
698565
57201
885312
714502
642974
304448
964080
960769
953184
850356
460318
498715
268058
577814
352180
968599
580078
197522
285185
379915
373413
331758
199680
33066
935483
760847
734978
303972
496471
120653
850009
755673
440248
795790
986153
100087
377857
399694
103115
544084
311381
860092
418862
827537
467948
650869
290324
635819
57397
28662
39396
766682
524347
245799
698475
560397
197828
74460
349710
974089
562559
79574
614056
58737
611874
157858
772787
717183
767689
328246
747655
766276
620448
487492
414168
328395
987999
646302
201124
5109
881206
259434
26570
36025
821190
929982
495627
628926
705832
145337
163471
64684
894297
61899
810383
229767
453680
401665
686667
7708
445926
300056
856473
38808
23018
911194
244300
955364
537047
352796
697731
897432
653622
616532
684749
272943
140260
632967
59112
463712
126813
392824
223171
36342
332421
768521
175648
272231
685655
491512
561084
857794
383203
12622
21570
816903
335603
209515
931208
620828
177871
683890
243028
127064
641182
785541
208847
345392
323803
765644
89460
346731
827003
891951
665658
552492
742670
142166
852379
64308
503561
907495
4660
444730
129291
153242
968470
243490
182894
120192
618016
960854
809536
453223
193365
539578
551159
221230
113122
849201
239452
405822
165430
904890
568971
424004
45761
550539
57309
547249
72147
932099
363048
466640
364224
989491
396778
351703
711937
778376
649655
82639
660945
551498
353652
167755
964591
198589
206285
446498
290269
128386
532120
296769
953228
318299
892473
441499
