800
639574
790310
70298
340071
317211
829114
583964
922889
133274
401400
62498
289129
543682
788842
5785
411260
972648
524355
181270
230376
251353
308867
162039
952749
668716
91930
730689
192296
976213
654659
242012
986532
960721
17848
748647
100417
782915
134314
799666
696604
578419
696290
854963
696914
692135
375847
108666
378563
580338
407463
24425
672360
218451
854027
68861
528110
418828
7510
507008
616407
283625
630215
381611
929643
231677
56315
520559
545712
384948
994410
367154
110411
524032
626894
112297
436709
812345
232739
173173
448502
526313
307703
602162
942787
867259
878797
440959
294318
912700
367540
1647
788919
651230
292696
698971
921244
254202
93254
558146
174398
604461
166086
820530
68801
988259
676984
940489
986823
934463
570139
998418
152234
930346
662267
835164
402740
369654
246557
301384
856117
451291
233356
978027
282032
535779
986152
932974
786569
822294
199695
985570
601669
55677
576305
951102
768001
908797
923685
551612
620111
891233
565673
106189
758014
391758
667345
658905
30147
503151
939504
774191
890623
278212
754280
243264
86218
423056
314731
87534
673154
373292
727952
200352
969589
501768
576195
816927
175779
439851
578031
516274
505691
561636
613175
791545
538021
792749
48466
255231
511362
95601
611525
891160
569434
180690
152399
544226
899183
585683
580059
766205
941759
555387
860707
681494
3110
987386
517709
977377
2891
90497
26648
424270
574760
10102
159157
176842
518300
756359
446462
9629
838938
634575
807962
104632
433119
983556
725627
985510
416178
717076
895784
72196
82664
467383
192340
764353
963732
288339
655820
927029
498489
893475
152938
637724
316479
792725
754799
943942
806370
910537
317588
574394
796224
23721
722952
912592
147783
34461
707901
258169
681125
596356
933762
750957
210515
126411
986587
216229
394694
864492
840728
806071
688757
622473
899995
122565
330527
374401
639854
868026
838980
168922
114251
800729
5520
277123
423263
914854
354738
312563
928362
103663
550927
438657
98561
602256
738573
332699
328060
848665
454648
883026
564606
781418
466767
665750
349861
981882
739909
507115
937082
453478
406691
338743
568766
321038
387620
994454
967812
19709
728225
420160
334424
57376
265439
403528
741862
408573
248057
877003
625375
620296
163081
13056
133321
384345
893274
621304
510765
136632
147162
915874
821167
534584
907279
410476
807250
799979
458450
625953
980887
632197
74951
169522
442711
967720
164796
685054
862170
909436
974908
509291
145527
405124
514391
84927
592614
858158
214025
987456
255910
689624
885877
257349
882005
326541
975292
898186
575222
689427
320473
824440
555753
439497
907602
316413
482079
766924
958186
538296
416491
945449
233971
767808
673068
72028
299476
704290
507334
743230
244365
945597
215041
131652
168141
969232
794376
706086
663901
857838
983960
428462
625047
307306
841285
959770
748867
228441
818410
756176
242776
859482
826201
20062
607389
489540
157865
287257
894414
613682
925091
794714
439971
709523
440890
495903
863419
59248
460560
428459
47312
563300
757828
335972
498488
847402
973989
858300
79074
218846
765854
260771
954621
722486
293320
816666
515813
580629
254446
93834
142198
724396
459004
746296
826284
463778
144176
483197
198357
935591
186647
303480
361810
148987
324358
767877
762738
293861
959248
706685
710880
744345
437290
913251
260581
841602
636123
742496
225478
312019
184206
786060
181998
870028
128438
501176
666674
520123
712547
855253
958580
284367
490323
132443
34654
705540
145354
575411
506557
106097
748287
231340
273646
335889
325732
888496
780611
629621
115239
379900
960748
612144
570268
291042
104115
331683
299359
605184
464411
814667
933885
994291
725103
55487
397785
286902
271787
991182
3299
414233
364080
617944
160588
399190
287191
921232
407021
894693
618101
421350
251793
718987
483974
551721
625134
60594
726905
173372
145625
544272
57173
320026
658549
755946
276847
102780
392923
488878
879608
631851
286353
481320
120893
817667
534828
827178
544101
586641
948439
518699
291146
195709
897948
306779
439547
222644
919092
980658
691090
214728
733193
822322
124313
196410
955757
123847
881880
187435
715636
469644
713768
151187
306376
901027
192124
238704
518139
373684
183175
940162
981576
218164
244033
763755
160445
874929
698989
21595
332426
167363
374779
786809
386132
314433
915063
194753
544171
366524
955372
483644
556475
24913
636635
848904
799311
395205
367922
786807
181362
83762
367466
504443
276248
114042
897163
903422
945580
114529
822268
241024
169059
683829
664839
892031
731802
570321
494751
387335
286328
213324
802801
263814
484950
463082
440595
96595
805980
572279
176358
4761
522467
646786
779554
959452
220467
994933
254931
661773
365709
356135
71299
628701
45418
479199
949213
129135
740266
7004
457327
757530
82889
568861
57225
386691
808174
113805
750658
532245
897988
484850
125441
97862
64854
732894
122060
291432
101413
392800
804273
580347
273651
363619
410230
656789
27401
232977
318165
554152
152632
911027
298358
751102
748861
774209
323614
73955
430256
930681
498277
524279
356422
685157
992731
397652
221177
525956
718490
724527
359523
148780
253561
69557
824252
906570
602090
639743
391811
73247
935042
655431
344862
210908
507721
339436
514266
268197
748326
475215
694031
552252
293335
850539
882261
773757
445470
691251
649911
552689
674828
503305
879844
968918
335785
100535
553688
298215
453545
224099
312527
200093
678109
871233
189293
575124
776145
77822
790617
922857
843909
371534
1116
383917
353616
828627
630948
591702
889719
72102
197926
600679
222448
539094
250208
587652
435516
927708
362296
722848
571710
