1600
476856
432786
703682
720135
340323
586722
881874
885232
543072
546691
371599
975250
256979
709428
149804
605246
824248
208448
364623
796130
75719
239391
795357
650530
23080
509629
167182
936033
591230
971782
316309
799049
171869
928216
426511
116111
984204
478337
652345
347008
868935
356828
827799
568778
577374
762971
151059
151087
560589
899411
233353
234740
504476
42903
315392
753183
596416
668767
61612
971919
365324
552360
679118
613155
406902
355179
226438
849463
708926
469222
353006
454214
309871
153386
323501
19986
654931
712813
171464
539483
282582
646033
439843
231495
198229
800119
393981
431414
680638
41070
584795
426463
849649
160989
974014
946334
830325
405199
804610
389883
13648
242483
414254
335199
830727
289861
793468
829898
679753
663104
892570
943112
537085
148497
362813
631237
893366
428714
57957
785803
580380
738915
567714
526084
801517
931575
502858
103262
628179
247461
845178
337465
840249
990621
84315
990730
810645
197204
602271
72495
784645
420441
161563
715763
992349
755906
759288
994038
113073
396518
911547
231323
670868
436236
98471
786302
845954
54851
405208
342186
699208
206295
819740
606153
392209
416215
58193
503744
52908
814710
831151
944560
129784
640001
507549
482039
837389
640639
903239
368173
998701
792035
756295
609129
758205
539662
585011
402198
895040
654713
194766
471345
101240
981713
863671
65153
696307
125315
973132
336223
189746
319543
554278
50342
533024
537306
480944
190525
519523
919345
434955
970369
790321
156304
571459
119045
499585
528510
575536
788075
420187
827333
801873
9638
311589
20362
837535
280410
355275
166786
599998
332264
905639
663567
827644
349334
883127
969911
557793
392346
834516
267388
120515
646803
518906
685905
19687
750386
720455
693032
700102
669291
973662
867009
1138
61836
303558
64291
955862
510261
612205
304998
458610
760861
83495
14297
967020
815252
110718
713668
691008
944480
46105
440061
886854
869931
644277
709726
430593
293215
634584
5634
390691
304588
986439
302100
643945
2621
960393
658041
995935
307631
341313
98188
196611
668325
28018
650115
601832
59030
554649
598031
581310
430483
728973
304040
170287
871083
137124
503868
955843
976975
72909
77313
618041
701754
533385
905255
214632
647329
916097
530529
336453
91251
795052
235929
363543
561862
845479
498387
234411
377047
521156
352735
590772
663479
877509
571137
603353
914861
236553
704342
472372
441720
145058
786379
125045
777606
863281
327365
108406
243461
582455
573468
833972
190527
475533
219966
666349
304039
379893
635876
515823
213172
319531
782060
416081
999202
929904
421935
259266
204836
588890
251981
984047
612185
532740
160744
713417
721619
30570
413027
672814
948459
186105
924828
426625
484856
115317
670921
647595
690156
734810
435760
333702
507731
96482
460771
712766
186397
470832
895790
351364
686411
719808
126683
964053
806882
933604
14521
892317
48257
365320
332111
89586
170801
798868
543079
562919
537763
175588
28903
559501
409518
281497
373556
507311
907812
897414
439200
744506
43739
18881
68736
983408
723033
863820
679465
703625
352368
418678
297021
833389
252134
983670
744899
541765
487885
819482
792225
32541
16401
968988
568102
512026
854907
247870
707302
773289
273992
751594
41914
565564
886915
107321
800601
777416
916072
316449
448095
854750
671070
78987
745583
374778
515850
390529
808274
423746
165482
374854
702942
737814
424270
727320
86200
462273
209292
962979
229386
126425
814104
958278
403458
876406
191641
680959
667737
87690
71494
134602
593168
839145
371949
399630
469687
280964
221788
302837
563544
752829
209791
230078
341472
666034
352660
172263
163674
187119
133559
880813
863732
915815
708203
963855
760612
695920
847042
368196
505479
760023
192494
706122
465244
790879
741921
670090
838879
87914
828124
173816
680823
446350
867987
510686
552587
202468
182248
190134
737344
379688
124278
752360
183873
257731
162404
881676
253554
449525
57007
39315
381287
954253
545905
730605
145320
943275
600657
827332
423382
688351
713292
567658
26430
656398
841984
373791
586473
269958
578796
489925
270845
518034
261627
945643
557309
862928
165600
774282
402272
715322
716080
463734
105521
370815
755417
7060
454190
447915
853014
406605
844754
453134
212563
966265
643022
134942
836395
752917
64614
28282
271082
328363
128892
900056
255060
32500
81950
372034
638825
124277
878684
629522
606452
214857
45200
625400
200087
149673
357626
290128
720854
382335
692110
31526
98275
533062
440365
612263
29099
54259
375135
387237
786829
10302
919940
138410
289977
566122
363785
296479
928031
100871
737955
266380
590481
932185
790651
437616
532988
42739
811384
749447
550444
537951
820890
600993
235526
668127
812703
983472
970191
351723
724752
559025
579636
767465
749893
704462
33237
628888
445713
809629
671164
945289
548684
139873
277182
578656
924843
405375
138006
507207
802057
847454
672121
330155
935833
288251
169409
252791
976129
643652
531015
388392
386132
750248
274672
863452
557019
285685
372700
918060
425405
141316
707522
931387
487711
525730
537749
770903
217553
580396
852849
134134
619116
882439
285663
249628
884725
586451
195578
190268
345839
578813
758248
197512
367251
79257
128103
165100
155651
816213
167763
263771
318221
151647
260152
952
941469
124831
364999
204635
494580
250047
445277
106197
64702
972895
18216
525073
337016
78386
227273
152158
437910
17151
426349
166245
460943
493683
61057
692235
529412
563180
207478
201334
648274
828290
784778
294898
964874
84096
412437
121168
820590
136816
686586
472989
567892
863429
158299
923049
915556
469630
195111
893565
365406
644081
368845
188298
848122
73262
534711
206185
624058
657057
130356
457481
460214
82587
481209
575777
270057
637386
100308
96678
296480
727137
522090
130028
443472
14242
235060
16295
350933
606431
992931
10174
978557
345731
298454
735780
56333
415357
503325
386706
186588
298304
828476
610946
883916
803004
174388
857561
725562
398018
84059
666126
280416
588673
340390
701634
788119
741720
313117
923701
697616
84257
412209
484538
885832
687383
786579
928740
188142
71856
312160
792590
540906
195288
868263
195491
575091
912822
677806
777206
741738
352347
611721
173575
982267
274940
809681
466677
135094
970666
371419
694570
604555
557677
144639
727237
85814
516630
389487
614760
819896
867539
413928
861145
370132
2017
735708
249840
502615
501942
560009
864359
581787
107364
309823
48834
456895
336293
104834
722803
371700
703302
693342
80998
112097
757023
304586
879439
220358
587254
186933
534278
565295
498279
617390
294133
95475
988180
807307
833626
977692
231697
1711
717316
783763
815208
276068
829811
342592
762199
59770
166842
345348
165323
655110
303402
921955
365542
708445
348153
104475
674166
218420
906148
277091
56506
330800
123947
558125
802328
487295
390018
686808
534052
445002
945742
568621
643250
83310
700431
530512
728111
455377
745222
653688
725777
380571
803701
159824
551323
510468
475879
129901
301730
484223
530477
942485
349596
130280
693876
222053
327525
666735
766071
590257
622335
313568
488205
346216
900081
447656
386486
4208
226586
782467
315938
939297
197860
216743
291187
361534
112017
682620
873787
934776
789537
92545
738529
536416
756567
763290
478656
123223
313721
40607
915612
975143
742388
548937
322739
205279
437962
285115
778874
217304
620633
581438
644293
951590
180749
904903
940178
139780
253656
704535
64854
771323
289327
26174
404556
100015
267326
374797
109348
575448
959341
858352
825540
850345
718702
762273
64268
300572
579231
55756
249825
303684
543898
50230
196020
627377
495504
537103
431983
195299
553197
112289
962881
734920
78177
831797
346954
425584
355166
572266
315244
660045
441543
486071
73015
947164
157301
376901
418088
32115
694522
483998
986158
727216
367861
549757
894704
127220
911572
34588
167268
311659
2662
966278
442618
108800
192288
586647
196320
369615
307857
366067
147071
140784
94058
249054
258307
428649
443744
86925
451397
268024
494233
802571
501618
949498
150618
784529
759367
752075
422112
536517
519349
693618
131070
869560
169794
977763
827737
890825
613806
346261
682682
961570
302025
825059
187647
846133
380511
461564
688233
688846
762745
499644
734907
496475
387616
404936
148312
294946
426137
841522
908852
618488
567597
737239
212497
719185
123667
154223
292149
273322
932741
525768
536892
497991
848227
96393
928641
504112
179647
960506
320267
232600
748444
247684
467926
227743
618842
649654
366237
231181
778031
544656
198626
314202
976733
315356
457390
609648
855772
801155
883622
671922
685022
109219
63483
74921
151336
331806
231530
274268
111730
483171
811807
38522
338572
774245
726337
176268
963335
745603
684762
452906
279417
981258
941847
782174
942629
154847
790992
81535
208183
954286
813808
313887
153695
157851
779833
293156
478309
234783
32405
366647
701392
526729
267037
942296
255581
899404
263047
821046
707449
887315
612783
761461
401280
928165
707515
390516
874665
808147
362504
762704
628733
64075
694746
463508
614940
792156
696637
29659
411999
100730
271126
921199
262621
245207
592197
680483
84122
310360
571229
637969
836719
223037
852558
632016
971699
636133
484156
402305
409923
21993
292068
834787
41078
430901
401052
542116
236760
960835
425625
122922
937337
642948
930167
407888
755281
175263
729753
489968
649048
792241
118765
909117
798968
522143
389502
339010
16362
116337
101030
962772
433880
2747
935227
528624
624863
656562
802790
329273
302305
399200
617648
605534
935515
498839
611304
559729
601579
857844
500240
554867
125138
351713
282048
374264
494331
97665
570286
400831
543368
441585
998261
817039
134925
12925
416893
864392
338872
427225
317611
645426
281716
785065
362942
761023
927954
332664
614690
640342
242355
548287
807151
907375
479018
344863
937514
296028
710190
449247
647703
677170
854949
429809
609168
584298
195115
686194
880439
184078
563898
611089
120140
38297
723787
495042
599462
291936
750940
338963
128697
514736
631495
796470
218084
624052
877173
766337
227628
334892
293569
970007
226672
188502
437543
221563
782171
444151
101365
622708
733546
336392
875956
82164
36880
289456
399434
256951
20874
989376
927456
13309
656326
8583
140047
488451
128006
439680
897236
112771
996386
915151
422515
999617
350510
281562
549481
437132
468706
384788
415650
204415
741893
914129
690699
534322
232173
624685
697920
735984
14451
161377
774213
219733
588856
330937
334844
946674
751932
421482
608342
975418
54201
4384
318602
164257
458971
304322
114522
96682
855898
733159
432615
878450
477317
958292
345069
272767
569842
127195
83814
686681
831713
990189
273646
595492
90765
758608
681710
128116
906898
921161
592607
230684
930906
15659
772623
796045
813144
157278
797308
445764
679853
737741
99250
884961
491414
44240
607773
400179
791117
822535
118458
80613
968558
923894
545106
312978
672573
601826
377412
33170
327054
559939
332948
597433
428707
258317
73470
346148
323737
711914
987266
361228
320420
11548
94984
106665
624080
623248
766065
580027
5237
115024
98920
293139
992561
94606
548495
531034
485239
995088
6727
280350
110666
194134
519627
461320
132971
861534
849240
430479
275868
235884
650832
385154
190575
605040
946270
564729
10194
921926
3537
503868
752719
449479
