10000
870110
791863
859821
618066
497238
685884
845374
199045
277785
507917
483444
164848
235309
531471
87670
123524
756475
330502
845545
228218
857545
778804
247704
420372
155195
182052
302418
292555
415425
487139
442960
119976
463303
140475
297841
678077
612189
724136
934507
712410
975745
423029
850973
654516
603009
221751
234741
698772
170826
449631
407694
531494
10652
848473
12176
833012
261297
614303
863518
609518
110167
557306
458847
184088
730763
525633
200672
113234
597854
412997
629585
162667
997991
560743
488778
624011
642041
536640
256790
814494
41525
817846
514657
264331
49431
841422
815621
747473
172110
978517
301912
328579
727604
737688
926725
156960
538090
536290
992872
749202
214724
571846
58639
683717
702079
525548
172275
213787
699102
314316
114671
563357
259528
41847
940052
157448
707773
520382
127483
418460
494036
564894
164484
840809
296041
776870
316470
250520
706139
447513
276655
154009
173507
62500
982110
534863
945794
44657
529716
634569
841967
904878
451449
538423
148518
572446
716609
932713
361151
940233
749930
171451
627953
811668
689405
535211
989256
54490
22635
324596
947683
745050
69743
809494
844736
940270
72552
237950
545840
498084
444174
569762
111698
973036
187223
583058
405554
588532
775218
911498
648324
848472
602483
752316
714807
526075
406889
610852
677909
663754
244723
452457
263200
965516
402286
155037
900230
51735
512697
316428
495621
521548
293418
736832
741918
720895
921569
421654
101015
682205
812017
132609
799724
508577
899684
12973
197670
378888
431882
637617
305458
339803
955482
701238
172314
892604
942783
427194
113133
113016
434510
930373
886329
400640
919776
192254
873311
765821
173089
41345
527362
189324
883034
269828
804149
149817
859224
604324
360925
855795
504952
67427
554372
362264
383412
826824
752227
107852
585598
166222
323137
795345
569003
606082
648071
882347
631511
610128
743427
466597
462680
239463
656629
118343
910671
20151
439282
617972
47114
689446
846110
834855
264788
55586
721285
5121
596687
689771
184682
66952
149319
493617
917294
842695
900913
296821
651686
688275
141043
449182
676933
270261
78295
124963
440684
444946
131782
652503
319475
313228
233006
258888
317698
123648
70261
505334
933706
786478
609229
449055
540317
785021
372419
875401
918513
253549
417608
432594
442287
875196
911177
833057
358422
672688
536180
148360
48483
790369
235038
115425
744657
129260
649967
23591
337999
449169
686738
645104
580806
133410
335880
122584
507138
92168
832830
441287
652022
44901
485096
33137
192857
180862
511766
582807
747835
571049
139099
814623
445060
359874
848799
355240
395541
588905
402071
949909
243831
849088
190246
571740
180238
229735
507002
340207
517139
50993
309019
903775
577430
834941
991848
155815
143886
591352
795403
257694
155459
828354
701075
540690
782590
840185
842211
212807
710389
846702
288737
106164
644667
419447
321102
816459
341283
595424
491815
929144
438366
525649
728663
372022
906620
345947
983211
594682
414707
978842
413534
275
381093
235806
690918
782354
462053
160337
774396
819772
361121
585847
43504
218726
911874
629895
65317
367973
554013
462277
540761
136633
907413
633398
431095
478671
95731
232368
583035
822921
14474
115219
22136
997634
956140
161993
992792
17605
774130
24920
613301
163848
758928
724533
43007
544077
80447
423757
695740
241681
354773
882305
268006
635101
315590
209880
57680
145891
327572
613396
341032
17602
15454
52983
311915
376184
534264
279684
39298
698427
524856
685621
283984
947706
511767
276724
978581
101804
493916
231158
97352
16521
924303
433492
422170
334144
592944
87062
409428
448328
783815
333291
61006
135634
798384
650297
259213
286024
155927
819640
483892
62100
926784
862949
612289
393685
660489
166565
860015
218419
779811
15671
235374
54658
901239
587199
711238
752768
458356
458158
86182
292847
862913
939600
194683
236690
256458
565005
985794
777398
282349
448665
152267
393104
890811
585043
211805
449703
408448
39037
499742
930877
315756
589255
780705
645466
173091
360584
799538
639832
232883
216993
464654
168495
935678
561034
721736
291136
694579
922437
532921
901725
846926
880976
886504
274382
723165
838981
471510
898053
773154
304915
544241
45500
740262
334076
582351
431320
382139
220096
522360
193523
728237
535251
877344
297831
201554
997540
856192
443496
295130
838413
288680
11376
838039
857918
978054
672124
97460
457822
657884
976578
228830
781775
714006
884243
337809
519686
284013
615737
554375
845314
375729
256818
610387
151209
921391
731173
502884
195336
415203
596800
306106
96649
899425
14855
278650
286833
607060
75046
700027
309632
791848
204646
294839
560531
490050
453994
759978
307789
859277
600390
219865
938691
937759
242205
529793
985161
577983
8065
127672
744547
924471
909336
672263
150058
277032
463725
36546
824968
848567
750333
96443
589467
289466
340530
961721
643773
380169
548840
282481
717836
771416
839852
37439
831442
814607
416481
885665
959329
373205
38054
59188
436710
368933
650937
840886
826266
710045
706130
256230
976654
139437
665217
255343
651373
889647
723579
235561
683507
993520
338639
43059
488054
985645
195179
516451
983986
669950
850060
264741
236375
348835
292999
347428
897241
363950
724421
851248
404603
271837
781129
131147
586242
88428
358474
286595
312908
516814
448470
317769
766081
421156
448579
882573
1451
188782
139859
711845
278407
882000
446937
409777
843436
674681
159740
408307
752509
146329
9941
630920
923788
763703
924386
53550
660082
948964
805008
596573
151124
136456
194
597212
455334
389708
753578
56165
967007
731535
833787
59053
870071
152108
625078
902638
284766
184669
924355
595695
746300
968666
303018
64639
644662
190903
512587
315183
375143
121941
571874
110375
121410
785555
102438
510332
992048
336159
396779
568272
368527
782028
774160
51882
737616
974477
704081
199009
155224
371110
220341
947577
36904
37883
329756
229499
476895
596701
947570
295189
308421
265615
729059
46173
593487
684809
494967
555853
788922
157690
508264
128087
381648
204668
591694
422198
78975
123251
90125
12758
909227
862384
843937
775488
534676
474638
73617
16228
124209
307224
229934
671256
621314
603395
61168
968194
330003
688020
370233
506681
312708
991170
781465
325081
894984
658413
361439
611157
43605
571601
963491
741634
662473
154630
500417
526434
955414
65492
532590
690158
512075
53233
100636
85663
739593
127088
311102
312135
66310
293443
235476
626566
236889
432584
815005
279195
632326
550213
401767
727844
345710
902357
792054
791487
314389
270434
485014
863525
618952
164402
473828
694261
749758
157483
762678
53593
309013
268986
159329
354241
457505
603351
511955
572777
93472
281861
679973
767528
533897
844893
496229
247703
385304
333059
551926
671559
432044
916752
403217
505080
948925
887525
781002
794303
535521
201078
776749
140802
102199
361909
988982
117276
633454
411616
988934
665133
125772
867085
480278
640323
909513
780656
906724
659836
248873
420842
948416
13412
543789
314531
721150
971933
933796
497430
626583
457732
727315
878054
19421
331846
788467
219479
479375
992022
492636
596299
736117
360370
38211
830907
540829
573640
539044
730873
559958
378929
102914
109955
934379
995398
10208
744834
713044
400153
723275
784188
929833
344112
165065
139366
204128
878612
414950
809073
996667
493938
126929
822283
995051
137721
623719
188186
295920
558217
400286
725203
950792
618813
771948
273035
917905
683317
346161
543019
806266
660769
252313
718444
198824
748185
118082
614033
630633
639471
277813
799712
489445
640912
283678
817384
450786
101178
499728
435391
546497
95204
874911
334585
866278
295379
26841
849349
340948
124678
729235
223949
677243
699432
271925
650845
548104
703736
993561
740545
905482
295373
753401
11570
261390
903020
572938
772504
845218
308754
375009
262607
798084
87145
391121
277088
145305
882179
837388
721641
191450
290487
880325
857013
954791
29814
216378
653593
252228
108675
64591
535625
509665
808905
652985
737548
907653
90991
475759
59497
304735
566299
298699
938205
100021
296343
422312
884981
422343
180045
689918
440853
928404
428298
591883
396519
476629
735633
523902
893299
176303
658976
749073
394516
645247
728422
170641
764043
363018
741850
156830
443609
24248
538568
306328
989794
5419
481279
30780
715546
410383
877995
881467
407167
629577
333184
381775
851871
20209
608765
132645
254967
342872
202820
262461
125974
846341
140779
572223
558928
597410
860194
80256
48590
844499
181938
190797
101102
932980
738572
418439
144452
487791
674011
131975
558364
507827
413459
273200
929719
673205
191071
624338
693927
128858
605692
98883
897923
787334
58302
905999
374338
879576
936866
57569
587456
294940
506595
389571
157374
822516
934285
741348
798312
31894
897083
781145
563749
981213
155185
576372
479151
677904
405102
819072
420068
295125
395809
225277
166181
411050
845303
633633
317066
66902
356981
462319
579629
921693
227512
636187
537411
45823
660378
840217
283897
736912
134216
762623
921849
153818
621301
834572
624220
486033
259028
462496
22184
162300
383114
768701
462534
522484
843678
770309
798705
542664
508837
393081
958779
728449
120716
61243
267982
723983
287059
992010
804002
212101
422640
948267
603530
978000
596225
141495
734216
199778
238601
420932
75326
547180
975373
601131
887918
790823
840861
233721
784201
948201
939992
679912
45823
792902
450591
683848
178114
694727
81219
701323
127085
734347
454447
345723
431449
924040
117670
663281
96212
770364
311905
867595
876113
82752
81051
999996
665835
722928
539274
759640
728701
104971
301337
979682
269640
316534
599954
440000
824827
6746
859027
102833
782960
566308
888866
711167
833515
731333
930181
33408
265316
107933
585668
116351
296239
488919
163204
447682
562468
414640
778219
894732
406395
206832
167533
759844
723961
39816
330842
446459
437814
2361
556615
773355
386063
749380
524828
591775
269321
678222
640016
970709
744478
692071
347617
25756
473590
700435
641210
779222
803676
665875
547974
948797
622876
460916
22721
739820
447017
873027
16524
749032
99895
648953
186309
632998
26376
101909
320749
763650
411060
681214
920801
999367
648097
612145
446412
422118
366384
272092
743064
168757
863319
182729
806241
323290
19209
665471
483927
493418
955939
227204
428674
54680
785278
992664
442624
983503
43757
150846
862955
404298
678960
159563
134151
685460
283709
646340
10007
827256
970233
605864
203551
224530
373047
757352
361881
5307
399022
193785
371073
910099
191007
590175
615787
443651
90473
266219
743347
924246
371176
977354
12456
46124
495165
489031
274377
525320
306460
406006
985173
285463
798974
485197
20873
840190
604612
513139
621989
976067
779656
71498
160452
330999
378271
140202
125292
204539
223077
487788
445679
913707
382978
825784
126309
707778
316579
361185
841995
846355
304840
721075
378948
456516
575703
91044
437575
967848
83330
807261
750869
62138
348567
90970
37377
851214
390188
314945
83796
894973
949212
266836
316756
486039
801894
63665
856764
773980
151311
182691
478920
85155
13124
32529
40596
796051
530909
647057
479852
109634
509156
819025
360540
32113
983880
695814
51206
695374
564405
731993
778399
700103
503966
692884
168380
140122
963689
31985
285578
865107
631565
341815
893384
806249
149228
227382
81105
168908
462568
179851
979271
876155
176080
742986
270101
776724
948398
527672
397169
244798
936441
563625
658230
516404
202436
84207
286281
302992
568746
549265
12150
280391
196688
370879
632891
575974
595733
46995
295069
72012
167793
738203
405632
881143
921791
774670
378243
975055
486970
346014
679674
703950
811832
276922
605308
878111
772252
108640
800675
207293
256107
766888
343866
246412
242873
969152
501203
239693
645179
364339
788925
604104
659613
416767
615972
702680
339649
761834
561982
653729
137824
274968
501077
45893
230449
377632
988143
653347
349599
669067
837469
358891
523867
465635
839167
430447
263771
895233
354927
228278
409208
468612
684217
523013
353545
524057
909547
562019
815097
76020
119478
317829
441508
607013
536547
668527
89436
132623
992619
599665
660310
89556
458718
545512
138538
883548
572333
306685
74233
706131
267353
609954
474944
889930
814114
291793
157379
704191
721842
576921
916585
134006
793960
536066
663456
729770
572147
245322
147833
338425
294366
663550
762423
229628
445658
360641
69338
368266
610709
561532
543494
899285
42291
939693
993450
538396
964643
813141
782149
777951
388239
107554
850142
184721
517010
564129
118460
203365
707006
579451
912312
366715
697749
216095
398218
319849
817894
463404
706814
410536
361115
829525
9310
867757
484553
254601
157938
703656
485614
799721
269184
991958
96208
363018
338716
724190
209762
108726
537650
36803
941845
592458
801143
277385
956361
570560
713723
811564
356558
512648
956779
29150
700015
375352
486165
297239
839011
839103
183573
307118
380466
750382
173971
451532
434660
169528
828331
948240
675869
377467
661475
265576
804287
814773
27415
360555
73115
631834
862401
267970
105963
743121
650145
923560
479514
217244
377231
178166
494890
653229
663381
804510
648529
258514
915623
466434
270898
586657
790430
787094
705885
427660
695902
888264
5432
821974
19989
387181
546885
110365
34135
47369
362030
199407
384387
51189
464909
130175
339808
736919
580067
746165
702950
251921
157231
851843
902695
861512
721330
720683
614897
317179
415782
5371
977702
808403
965280
191007
147394
478307
754213
488214
999755
117190
783609
512638
20498
987577
906195
638575
527823
892525
584416
514031
666096
430490
820460
799988
130517
244827
521899
731668
689698
2792
86981
175543
313592
290878
779919
394868
773469
583276
94714
192107
888050
76129
409322
231374
408637
651945
569462
717596
25552
745615
112657
947953
984361
288409
621377
809787
967795
988280
27669
696035
244665
626548
896356
728806
677791
666582
449029
807434
947428
67212
7607
63073
823890
399554
42559
256299
675730
918586
928157
597390
154635
313543
238669
705028
776675
645516
677339
311000
790478
326514
718352
206593
488736
995318
571026
416696
320448
233760
919307
82100
286887
542512
651135
263531
331687
493568
741114
873124
876775
606300
85302
426664
136008
965114
975134
171584
113477
854119
466745
131514
427620
269588
834568
711882
223356
429428
214225
566315
518780
529459
22429
505894
189557
15098
91511
935158
633579
758904
576561
660884
822760
859585
448845
100498
301595
646912
98410
360537
794252
170875
12599
314019
668626
858569
995501
248168
114481
243719
951548
408411
445044
603322
812231
732527
656476
221470
230845
811876
651735
318973
292272
530214
638741
857589
643123
959962
617042
317985
57574
278442
998665
17890
893517
675071
336676
432841
844890
915618
191244
157244
107464
292503
591681
69455
237022
313073
397391
79626
191035
779518
540548
429148
558577
25024
246767
72636
384878
988485
225334
921720
895601
651564
812922
656980
403875
379828
628886
468445
175498
972878
117042
136553
284983
673148
219627
396973
809035
713152
266544
990647
500106
378716
671895
801894
304666
385142
211767
571307
717375
180261
473114
134032
153178
138775
639282
771651
847446
909466
182635
728081
635455
812140
798956
365042
720660
969899
689231
19059
468312
394601
896826
932166
516220
896082
611357
185243
167038
172547
849651
223304
451844
729449
563159
336635
65858
994743
455068
272575
334282
880134
715460
556110
134964
19131
241545
683835
106900
934865
351664
779796
230332
510200
261025
124743
945828
797206
794912
783104
160461
123887
928664
576986
521970
230173
637360
372020
990094
723719
523302
47225
419300
878206
404126
796774
752259
133681
594460
957520
240711
993293
819755
667510
73029
509194
20440
905849
2218
105188
886348
950853
34128
649710
649240
455616
307369
667825
481731
931403
920515
235226
86394
190618
94363
117921
79941
669019
497472
572368
328230
540516
781076
799717
775353
186430
160878
1465
928052
157243
161046
57826
176544
274660
563489
66036
862609
155978
710628
360002
857913
347384
562874
178567
989768
363247
932059
81720
930535
402783
211906
915266
434283
45185
483266
166432
550760
676877
439563
771401
383388
602240
728564
626057
12566
477333
861403
480688
910900
919400
925068
851140
950039
873309
660140
29082
755368
417539
391560
441353
772143
917524
168355
17343
29846
561222
286944
566746
336621
815186
430510
661576
656362
196839
556617
624755
649069
351271
931579
403213
17658
223907
600917
790330
351242
684953
18582
862338
544506
194796
368513
462553
43596
898332
204843
463589
804282
507207
112372
912596
679089
562325
377491
937252
547599
595182
83898
436482
72731
271780
783221
572973
782634
347557
914249
489174
658744
296670
586079
117382
245421
48542
524329
744407
498208
827393
64459
262594
851710
608713
203923
5671
632765
65589
238656
864084
37842
727674
688600
54332
191699
199084
146177
808129
426077
53789
471720
96760
523024
689297
321845
436635
186862
909571
586945
19212
549655
53754
320060
232598
487402
875592
318511
101482
428808
877427
641619
186497
638989
930836
932334
87186
87623
124293
920347
544686
400751
627377
656532
993484
697712
751982
846917
146717
455702
44673
263134
899109
867026
91913
520758
931964
919743
493598
208564
734186
777537
834504
432153
108698
671004
679011
714224
774586
412227
670298
464520
506858
848747
57175
773161
712458
481246
516425
125126
197491
990646
527744
104735
379649
338510
345858
122616
367511
931138
703563
439432
966709
554432
43859
881120
414531
102824
21116
790964
65790
723060
196414
891898
145738
369828
582947
452123
825518
793626
621952
24890
612918
248373
583389
406512
343576
422684
939536
275824
464155
792215
152833
858777
391389
615377
986126
402610
46072
841629
405650
966586
200096
87804
504126
290199
194155
899096
714968
728540
35738
58544
691690
458161
720076
843122
508841
82696
446995
8739
680384
769978
607738
130990
863829
255491
63123
182036
599106
856666
966793
293220
407182
898633
360612
695698
853927
717306
592158
563773
844681
25599
481889
124009
333671
676424
280573
300272
71038
379938
762939
342258
801873
787832
684026
242172
41630
565284
473372
555960
497572
130710
758155
562627
92844
858607
919383
966159
252894
176957
588882
435836
937673
30589
885205
264634
166275
41362
668881
275394
815599
567277
298774
923114
373636
670201
48335
516222
128667
733603
344575
969990
239533
513694
171568
159280
230035
122394
306079
450495
941868
287920
445039
57994
41273
914501
425732
259778
150468
793572
647479
642336
77603
261629
520593
631230
152118
943571
888072
79884
126089
736254
873926
234573
172053
943653
309114
482453
72700
652754
898124
372111
16069
507017
708455
9225
416510
102047
877326
630340
488574
380424
733671
762703
296916
342584
653647
160287
882602
987360
583576
865656
396691
811926
114250
70778
420867
956220
373371
433784
107538
183056
123367
208062
268255
302938
498722
783920
240275
538221
819004
98785
198305
406229
786293
788466
637968
142136
252289
112527
489418
242911
622663
262521
89091
659726
121466
161680
130749
968793
581055
949914
210496
598718
603277
516429
833739
893787
416234
307208
199047
335034
753666
849839
856445
592738
346629
133999
279381
345754
890706
801141
161614
608485
429754
137406
896184
631500
898643
730214
284388
497065
252363
137149
692594
38462
131957
308081
157115
323930
720865
466641
56754
500050
450676
247122
841213
322405
871506
586054
13347
615386
842293
892777
910921
647458
845019
284682
970068
822080
932201
671323
970411
159358
575187
781562
304348
237105
571063
650850
932168
499798
831481
834029
147925
25573
275551
663414
437225
538151
639548
571673
925323
163877
215941
326562
399344
104152
830441
591477
756082
614370
409020
675375
722216
948854
460724
128814
119172
524444
610104
887889
680938
758874
223461
479264
25286
905239
422157
428692
872887
495757
881821
920267
299536
844984
231349
55604
805503
941426
757668
964114
206544
359567
774881
865786
6097
431231
693569
116133
345224
259401
876550
174968
11438
579567
856510
259422
633226
458321
809452
116211
11795
444434
927995
162238
25279
569436
440432
790851
220239
545593
820499
874331
94011
174713
582540
431334
241242
639992
258573
925721
529591
150635
89191
373371
558916
566617
450940
824007
584678
828469
50350
746485
202545
132150
131869
231189
852069
650124
965221
711419
830996
437748
530060
342342
744999
232392
373506
264878
965879
921952
957146
937655
141547
476000
482371
856334
67699
639126
129704
420870
275885
726828
636162
493618
954694
768720
258910
980356
376675
903868
713071
248339
557584
452714
551049
710631
806547
269462
280352
423186
622065
341332
105123
396015
372882
748611
940587
497123
823449
35412
583969
553566
847919
806830
462747
458265
816297
854758
347648
769905
40258
42385
182256
313098
669256
708979
744966
240933
221770
202448
424084
738332
550644
916775
727291
337470
611113
918356
598351
879247
247663
243730
500126
251196
871570
230904
315535
427395
238940
896196
922082
756345
965398
926884
819446
674280
75933
629090
311334
642288
506985
250447
327803
962070
335878
683641
883196
522721
351599
395570
495154
622241
561463
587662
498226
81394
219360
337817
973694
589200
176504
207197
453233
931450
538411
528756
28495
209577
688426
398064
469662
332393
378058
185696
734817
884224
4236
306779
930002
50555
829646
39082
612016
721322
747034
916980
441311
579346
406637
122006
23835
306121
699748
487439
624585
51352
343389
405187
58506
132619
907884
743998
448977
764631
441760
454617
417932
651563
710752
179042
551565
842369
288786
326140
372382
433116
248943
650239
241037
665191
161999
975396
84159
975302
364525
420696
630417
260584
72523
970625
347634
883377
545085
430972
5986
641051
766499
347808
206788
797286
242204
16975
804688
818617
509182
436881
381944
418058
13458
190293
9121
644023
316701
334177
788697
112220
424087
431449
467932
926993
267996
38551
20517
29911
532447
887245
974198
137063
865033
965734
62489
505077
574942
410970
804358
556891
67946
422309
484976
673670
544725
703086
380404
382042
5634
890274
444999
691184
859431
420584
774484
106510
154085
537704
42761
909118
769071
607984
860902
710790
192153
783517
463512
465612
295771
256653
832267
149072
965914
555991
505522
873691
212877
809357
790951
104325
725992
689222
35726
396665
112336
466064
463813
282573
659726
686358
702831
714787
556323
92672
404331
697308
300383
323073
360562
641866
181984
652914
9633
460058
762589
748093
809507
299625
935438
566410
833132
155533
722385
117397
502591
275385
994858
565102
207948
621803
861229
437261
259798
722651
403035
988088
153252
126596
554518
997083
735282
223252
599267
769992
348992
511148
990915
342061
788945
314709
636691
832782
429298
960229
892806
432835
795291
18772
757753
668735
892673
828166
513276
78736
934232
393999
206908
871801
365626
980642
250887
109512
965228
177328
176441
927939
753455
652144
870704
790344
359008
6666
634344
107709
207965
718573
178311
783277
848995
114752
740836
639469
639947
240193
374778
68110
455465
524038
980215
15564
6122
34479
734646
836050
121006
627038
146456
3187
487294
202400
378457
239437
17909
55077
450730
397635
46417
917506
628663
224009
504259
672448
711250
534654
640199
307374
396296
203661
427236
584248
308989
430250
248999
158168
969104
102405
851737
755478
153954
657264
466392
180421
345666
379083
652100
354841
258200
835680
154270
94928
742666
629280
39428
21207
494307
297002
797396
886542
259313
354414
590606
247189
640906
380237
585188
33938
320460
694108
519946
693046
63351
773969
173925
278403
491163
118599
680616
184659
146126
460044
221747
291130
659146
490368
107939
704538
566292
950915
205712
711160
914577
711909
227216
59442
80564
151124
157230
434561
379244
394135
735349
716628
698389
491192
190199
514694
560587
462629
780105
835359
911771
777874
319099
587069
689572
705057
772405
874725
135376
129370
977996
108897
36152
845708
25716
507865
958907
523080
804740
98023
430797
116624
795444
460106
823057
151871
500324
401612
287649
19076
228362
484133
643839
575804
80744
158047
577149
501349
133816
153889
892317
724619
562350
872252
849551
406844
219687
394459
576212
255170
882751
258039
367344
951226
953516
724472
513370
870766
303009
490446
894346
701016
67785
579896
511417
524455
834598
376050
856004
380302
863866
402968
560408
7247
944063
427411
746970
311758
695736
707664
809363
30734
274839
162081
239537
649525
343596
741705
135436
591315
336172
6249
250274
539786
761531
998994
386425
685614
835936
662390
159343
917081
569997
3544
486587
330272
810469
112480
726955
74534
85061
16234
706641
585534
314193
363413
98818
772411
696636
388983
309732
129727
433207
802254
397502
173551
987742
122829
175110
866415
987565
728092
82964
640594
395822
461499
422465
859662
688077
932109
799429
222695
585599
612437
302289
102223
503102
703126
203619
765444
465160
750856
703794
483963
424426
407825
522973
841129
297547
730336
736331
992359
390915
616874
487063
692238
689492
284061
461367
795293
898728
165175
579189
561892
941927
102335
986752
841188
569805
103252
355091
829413
656298
300771
619855
144871
842353
156927
255410
981309
22066
170468
508287
926965
435962
45493
622661
532538
404894
209026
821819
223909
62140
859912
83314
90941
159392
515294
348989
69787
976074
584282
409111
25680
513044
387851
88799
135204
282279
854982
462322
118319
208896
762048
797997
170909
698756
54386
506512
490350
344239
652913
116649
957574
848370
340462
806070
814449
51341
479184
400819
335163
423626
430104
297771
7054
825922
690964
34255
908053
928737
437098
88981
247223
939512
561993
696692
593963
527923
241196
677449
696139
7725
650615
134721
145880
254491
889775
488345
810829
676118
276256
747010
864417
855539
761006
558129
998050
794789
725530
8088
590671
302573
516715
788981
815965
958241
390818
190152
333541
884185
692313
440261
91711
436739
736087
576838
123557
457152
240690
105556
825311
74785
846705
822014
242146
479083
657877
140820
325440
186751
366952
698592
571522
754717
825698
942808
84575
988671
69303
215002
25784
506201
336500
718688
741966
898998
533006
842617
892750
256480
224495
428256
673364
224559
221167
487785
16806
248619
725016
28882
911110
27620
613196
669859
325199
121494
865756
46556
153313
814214
560902
686493
382154
557267
410953
673238
624273
210258
113494
494627
26814
277352
427488
856100
235575
46469
296488
410111
618752
58587
35766
342974
349150
543183
890195
572979
989281
497749
424842
215806
242324
110630
714992
784188
639121
591787
961160
645398
415931
647499
866058
542672
738064
676458
959990
941918
713268
276854
134211
915027
29473
90055
235094
44278
568191
133479
408854
2579
179658
17122
765300
691120
267993
796734
610831
692106
556748
932925
264493
509257
21489
114126
35081
805714
862280
950113
566524
284826
48417
758103
662584
466418
176840
270285
306367
907839
122020
554341
854643
603071
200391
432586
782864
971114
304268
236669
94013
308851
909027
999367
87808
162881
166065
814121
760270
123113
274870
554595
875770
313635
287328
882849
617810
528647
568999
775557
112569
266905
723602
26527
472125
670562
52385
880531
392550
211034
11450
173258
247124
196559
239648
902189
893336
16978
207886
308277
175605
261936
489933
781217
735873
849144
828328
606864
698247
550137
651810
149416
57859
726728
295582
750414
924619
307916
425894
35822
475210
125964
259559
361150
222847
935404
920793
763754
971833
124018
432720
399524
377634
431378
168272
41553
191791
958683
566130
266815
68520
579995
716982
162422
163721
540669
366294
103943
826113
832011
353366
338978
414497
281954
666462
578354
608112
946118
891885
819058
741428
732940
525668
577217
77808
755626
242891
366733
923536
5134
156817
10791
11031
542219
813264
709532
424964
263980
562885
384344
306772
268769
390946
203389
78671
184913
129949
594137
526083
476820
233014
465385
914816
250586
686547
24236
626602
338918
812426
617841
304843
855631
968039
548104
150101
977434
207716
746228
825059
44686
974989
366145
385271
810903
891761
275864
658701
601982
664924
830525
965726
582090
80918
148805
583200
986675
786986
282787
512833
921139
58264
105288
103176
91569
928409
62289
38239
924025
33869
901307
740888
773290
932969
435184
722206
985821
404194
867877
246839
823764
813145
651484
820714
131112
645686
764731
958827
469367
641809
282038
839188
740848
785115
123089
100118
347968
352337
167546
915499
637018
246638
701657
514301
147918
91492
488691
402898
48073
652780
810641
20377
701486
599626
344505
419211
986492
175369
878019
480853
930219
937985
972937
489590
709369
568943
131646
465465
598033
616080
717593
43443
608403
254110
678473
306214
517370
606741
114301
334884
255562
318605
619800
775474
684624
645917
423278
961650
822991
310991
767783
843312
189373
861480
636317
753954
165215
729571
820942
317504
458905
256718
517718
113086
99615
396038
719809
968181
575237
469726
698142
379906
569662
86873
312490
120802
534710
467129
556157
136233
667628
945471
942208
112597
714473
533925
699331
315488
334651
457849
282005
910467
343866
194043
162808
222168
267746
396429
711746
877218
976203
345884
340054
664386
300404
729021
656999
983520
965728
251624
921287
51801
929026
894562
576316
611127
616235
857490
671013
629456
509892
857103
581315
593533
742831
740311
279044
422748
733789
628191
538666
386725
85594
910290
207820
750521
602250
671948
549102
61362
315739
618927
506882
24365
708118
992614
315472
812454
593517
871747
650900
17754
68027
404101
580917
275606
480147
14995
475537
17061
761947
871695
66
636241
242973
280898
39421
496497
797986
294795
292469
306978
85113
158187
461696
155504
173728
964983
168040
992418
855701
60133
114829
377016
716714
925465
406602
306403
183222
6747
186068
117252
4412
464708
777729
493318
7920
855707
536450
33402
585258
352214
885725
859686
422576
942704
576967
216118
375605
712308
525971
364962
432873
181886
142746
65362
576444
565319
740527
375294
478704
937338
225234
743696
506035
706925
62071
464935
145606
456461
390119
64540
893421
527477
62917
999485
627329
465481
998619
289476
753752
980248
750223
333326
359653
367465
346877
817845
55243
703288
584525
107428
880567
368440
73705
833345
513872
119578
998739
40398
535630
238313
453297
854985
407684
477374
674689
779929
233084
809188
190162
202001
600442
839655
121600
709904
509773
830492
654396
796654
75093
870059
123404
189665
192857
739392
103834
464582
23795
953727
123510
600562
157919
939681
133122
617952
69796
469783
537606
649049
411983
2287
592995
248823
63870
155948
464687
747212
978047
97879
103327
681851
891047
140677
6578
865975
977377
318471
423590
726409
474357
970782
643272
663737
688342
721117
523310
669884
258692
302085
703917
898883
656501
673626
527139
602504
565066
878626
844424
849033
374400
7939
401337
797938
105867
185002
374537
452495
670231
671538
615096
471904
960966
915349
519012
634625
794870
810804
283647
209025
190951
394214
231080
44193
765232
432063
384172
991055
503537
620899
284142
220698
135416
323223
733075
650345
776395
543905
598054
555885
904619
277689
347961
284149
732526
737435
578089
507462
329969
923668
409024
515202
243033
485438
108395
819207
765703
474552
573052
724247
441836
955877
614597
52848
807880
380136
860850
930727
598579
728389
783538
870967
170983
551769
116510
23206
230908
387237
761069
260610
443596
550902
24858
849098
482113
463562
507881
25312
353061
556611
277573
397754
225114
843609
459881
588131
747460
831286
427202
593092
995557
378895
575416
812548
954929
326056
886910
650553
883136
161953
336484
643161
773595
799443
829480
896008
10747
391413
534879
504230
361173
643984
818835
703502
360872
558977
659663
689605
571409
992669
236198
673641
785368
900756
599938
510266
679073
237622
802989
494343
511134
443131
977503
71323
756194
377546
363352
704383
29868
722079
22101
683240
397046
463914
45333
849165
578841
740810
247431
521597
977567
421493
731560
336979
968
12315
586183
954937
327894
243604
845021
897537
416416
769215
822516
97644
221554
359167
454274
421974
685112
582347
988807
408384
920748
804251
414011
864658
411681
944099
68644
914183
533523
446466
999694
522778
382350
830430
502429
961576
344856
56581
183993
4220
536278
794623
283433
325000
565991
251195
337435
550891
26517
900849
784464
892917
396967
369221
8045
522811
113965
174604
761928
969004
121781
535745
587248
196474
832458
153629
180953
700234
336254
324210
154511
934969
535341
961276
44491
489754
282099
219267
601633
231516
652574
610312
664488
312422
461215
268006
864234
887456
988165
577239
471370
222621
744872
417111
865964
270791
347010
501862
112636
153349
857192
548431
739496
848572
711460
592855
277168
237643
413069
116350
766763
268580
271512
946031
183879
768286
642344
600128
673131
160786
833789
216035
13048
231739
411856
450599
337939
989534
554622
403768
432762
207953
307450
896664
705421
226911
370372
584402
807998
987387
248092
988708
669405
155247
878200
192564
213710
125965
191532
608085
982150
930684
566431
312851
104575
675525
290696
600153
564686
550541
466317
465572
59645
289552
330088
882733
459432
980627
250270
244414
761380
493006
108310
506810
961600
395390
146724
884157
779468
489390
462810
937960
694262
104409
115167
416444
460196
904147
799929
510150
287737
713957
123827
110334
204637
465635
369976
559473
98875
247711
384633
482445
435761
189463
149300
533716
879968
471815
379804
328030
635386
35401
707769
299058
242476
504527
149677
703945
112282
692802
923017
788967
748243
996270
426550
832602
910713
206677
329641
217841
975610
478835
601280
441112
410408
830149
63559
751087
179882
892170
976831
494051
781171
829138
528850
674854
992571
268346
347136
214372
538265
642017
104319
850464
342737
978015
273326
63937
550329
379435
778785
682646
101822
398529
804440
630885
431337
73627
703495
536421
179814
836137
537689
245995
720737
112426
152341
6112
14976
482632
420595
336015
543850
709025
496081
51653
656067
897280
983635
936103
952199
883706
906496
606201
591706
833740
203318
515943
898316
421455
622780
409379
815933
220794
947012
450232
94414
206448
203191
284802
270641
310664
720190
785633
197815
748375
537851
426904
439952
968254
792559
35107
995262
548884
682901
276980
435583
608469
915448
554745
398625
781355
248744
293411
991603
319870
611427
682360
825171
32406
735002
253701
902656
110568
647639
944862
726030
46372
515405
306897
39015
965494
605220
348501
536722
346217
464878
672810
251860
816594
967276
198195
368943
42368
781760
111757
445090
627857
167521
744420
554432
272136
88919
496635
621106
861754
888638
375092
588194
438701
61333
917940
861973
273065
162490
220787
505492
757113
748424
156718
967861
774481
94430
686107
532640
478732
944040
528084
926650
444476
322581
403553
185384
168001
141160
183947
701411
547921
794192
618683
545856
499247
672854
12942
354108
905167
83113
74143
960359
141571
566499
19609
519558
937618
334468
528392
226387
316136
73150
19415
458477
775625
149085
969630
394410
661869
49862
534302
355131
691549
616206
968950
173914
382817
214474
352950
298217
903294
247327
551147
500008
719457
144809
706853
78285
562423
927443
86370
171808
882804
4549
798571
424307
719548
7591
164576
743237
154261
109042
634051
997117
63349
352478
779796
239524
160530
876120
146836
91899
792710
236027
467310
110239
317782
770229
62262
152703
56282
509673
72894
633082
657050
162421
818038
808374
900812
297710
35770
736609
988719
201682
364932
110591
831182
56923
246660
63816
835367
596404
268407
350040
711236
841747
673496
906180
440343
897487
845665
742170
941384
284459
301417
430990
782071
411130
627888
603341
380810
51604
54133
119251
603034
596998
88789
760664
3267
206591
975518
568631
285159
729455
888359
112126
33333
435814
143213
544503
135058
715948
528758
678587
790567
807865
506497
114416
930384
89252
17042
187143
781695
966104
501654
110767
773532
405249
464559
434338
824738
826204
933211
921645
848075
464513
269269
444179
826448
184302
305025
633993
732652
705885
630732
453309
566411
775499
30904
164772
417032
662467
345276
349816
113913
436703
864925
619322
402962
533428
546529
793211
803477
624905
861114
742575
448046
124136
830872
987386
654850
835732
664767
508216
561142
113635
971566
74516
307602
175416
486548
904003
160499
729756
3790
987474
810831
635071
13771
889053
364984
529118
122885
865016
75455
768228
438103
435263
454431
549426
374246
248882
980731
438359
57457
676135
788743
40559
118596
722404
184711
138124
240193
729569
210820
383593
30262
995092
39500
745301
211414
369664
22128
229900
996071
83533
867352
968631
427752
397959
425052
84784
758733
854929
729403
98723
436363
938521
89626
746066
502068
752276
950129
428601
853511
522770
636054
194673
879986
572315
173215
736146
726269
486024
543646
403262
930928
554085
602662
310917
992762
508380
778543
585392
65049
572621
259723
81402
232106
251802
426546
299588
4971
498829
615474
985183
42384
120865
840525
602092
979063
38523
487199
840926
632361
605856
183002
124705
907312
156577
100710
561570
287810
213656
958878
745324
266479
631766
803831
972499
410675
512688
818593
455394
643795
338559
84672
890052
105895
697973
471913
902051
609275
930234
516766
119977
29196
856290
491630
419061
10002
133902
394256
980588
269436
869084
858915
98747
902539
299732
802776
638110
700967
183881
492864
590047
584223
443591
368560
260110
278845
328711
895683
115976
840595
880197
142141
735150
607914
198833
190784
117301
867239
912796
147327
841741
40912
182191
404887
806348
999689
16853
785180
788185
604196
444905
464529
545013
145343
191255
450639
289504
442151
50983
700887
134996
903229
173203
793780
298489
837428
215021
298484
436625
642562
609421
159093
88995
476070
394804
317808
394756
167697
538431
57474
581924
833655
428608
801621
618873
682965
848848
926897
778179
935287
18901
838976
609905
48529
100781
5815
657881
941011
529581
165598
565859
884370
142738
283693
492382
573652
956399
940934
647154
324876
423260
752641
194088
209480
430014
806718
930827
776844
107935
619839
207386
354624
524475
493395
332750
719788
488149
677927
974705
665513
933612
927443
313071
817286
413796
119615
125945
268992
468150
238038
902340
203581
900125
790591
832195
234563
655478
940029
427612
826719
290433
287327
262255
150733
638223
216261
111309
687543
691020
176678
509162
456308
264044
717152
910714
568659
8721
63165
494451
124683
782122
705092
371949
152484
246610
689615
188755
323174
835609
126030
113505
89270
583535
339196
911949
212854
326778
755609
819709
320266
535341
15546
7194
891416
421198
185240
70451
179830
961952
684420
86182
882139
428284
69421
879656
724059
349612
40591
55048
69740
968827
502788
123575
42761
762423
689117
593821
997723
247810
911862
830695
635390
661420
39532
591518
178750
87491
367773
172720
535980
821962
58498
125258
921251
122986
192766
396480
8066
876656
827711
563400
372317
825960
685604
495062
902979
798036
821231
200605
753573
600745
891034
563235
546827
280386
317187
652061
92179
353948
904076
988211
330073
672042
650286
234374
716075
363252
685408
544251
50592
933225
143449
214530
186928
75403
62481
422714
479572
365597
776141
122124
622291
388701
799038
885199
597854
123182
449919
841564
485555
734927
692179
564548
628453
670215
941364
971205
882401
442083
589875
780847
342489
980712
975171
785575
640542
76965
953886
850542
982359
464354
154261
722780
787540
787363
182402
92185
756675
616910
354000
923004
292686
198352
937489
572720
431158
601759
543752
31566
18014
706786
970356
583831
964040
463351
306921
204939
311747
97240
640182
936536
519834
658743
469899
539280
964567
984646
71041
360675
408451
156780
527802
331199
89004
827910
915144
937601
680071
957284
582178
577560
919828
155124
258917
973205
963307
426773
325187
728704
185115
992539
711379
681235
710621
696502
409058
185202
38873
413115
620914
178459
671295
871943
858658
938791
927924
418976
603994
941375
127598
619471
521884
601610
332205
499451
807816
181151
123864
968104
910092
429161
14039
804635
4333
17959
838540
371445
136259
385407
374303
850111
873673
465484
463127
790920
433047
565628
610489
240167
236691
22442
204075
358105
138826
742425
768748
232509
59246
228532
643147
401460
634804
139881
598287
489284
150816
552550
84662
960738
137131
35764
201099
212941
665496
555271
812803
399676
859439
788844
259056
676383
528764
217852
176313
217159
243980
811985
766063
366241
350391
457146
869627
299361
158617
257638
472432
774769
701606
874395
479542
716688
557384
776553
946851
464994
386072
694053
876972
420222
925016
548981
936918
196195
186497
540509
530410
977757
742687
696389
612557
965339
968073
427290
366804
368052
688458
979283
753548
803795
294866
159478
487710
552069
507038
67533
622110
77780
806656
525377
322603
129970
972134
880194
873983
174567
74203
292078
409973
711585
754291
785666
394948
688061
129630
20244
491448
567027
337359
791061
869800
142951
948057
648149
554733
66711
213680
237430
355832
211047
408358
195485
113098
615297
631195
378607
857708
916400
743523
964789
49204
438263
370598
718614
55714
854631
673513
279417
277040
193567
413923
184773
22143
177585
62995
436301
947588
312611
679335
852969
542982
506165
189379
838110
806944
951759
173607
416118
452533
978398
861087
916351
182411
669974
319672
576877
186240
139220
692369
268509
697118
830026
260055
239228
879178
225066
916247
486245
665048
890113
670058
338503
701087
457306
310807
404929
7368
509973
481828
226265
28488
401530
155483
992928
903722
729458
510916
927587
424814
11841
573267
440496
241849
20898
138257
715484
603571
291052
30657
867239
484900
73346
688152
219720
570849
987086
440029
283367
175008
169171
575672
92666
778565
700136
475971
920065
215199
337553
904268
834285
930869
703020
13043
713115
201242
997384
656609
197767
809155
333793
914421
809797
639221
775599
820873
414809
259800
91360
105079
400920
374503
793839
664582
423074
211051
925609
923200
492522
921321
565126
469166
540997
240925
997755
348282
302146
889218
645619
408122
333081
249837
715414
211916
689789
925358
828720
835476
420689
74784
523507
578089
846289
904394
17537
744432
652441
735585
925523
911825
670107
88311
222306
353024
555346
641554
184170
419800
36914
659036
17893
959684
770717
239216
353986
21100
410394
50257
18679
118739
803708
194155
149250
153605
465128
246194
521948
132909
760868
200067
479282
545742
953251
743628
910658
110662
79219
535114
82649
884076
764317
279076
772929
423469
299638
719760
626536
570095
718075
666899
931744
711406
869142
557016
290973
216314
252776
786624
495788
276092
388943
307040
782083
646312
257342
912412
905982
630805
83490
340891
234386
107121
165023
152845
726008
979852
854989
390639
197053
702166
972985
832053
761882
611875
719430
327775
117104
941016
545368
726908
903454
246257
215460
752673
354557
35157
56285
684544
251129
988418
857034
95908
702039
380464
799377
868112
956848
661802
979915
467938
244500
22519
981257
956518
407620
845477
536551
877539
27324
302307
374435
547004
553088
336922
246850
184132
975938
659250
868595
256521
968747
553634
491601
362058
272735
160536
152846
31928
931150
813566
176578
945717
973937
19330
809580
973249
441262
63565
540028
761790
789295
195289
586652
372238
855231
366800
558650
763640
467450
547806
226379
9646
238724
855347
588747
315166
880530
358106
532384
165139
4818
599197
961650
659095
201121
329847
297100
887405
80387
366154
825441
46252
917155
304615
603841
888938
360598
390951
272331
91359
744166
763338
71601
98052
843407
590899
233372
558177
519155
730073
665165
655620
587519
366979
480040
392557
957968
967301
719738
967616
468714
693950
684051
704418
487116
678516
219182
248604
622421
316179
407948
514014
370153
828617
49642
15245
563064
882907
315846
507108
722261
195762
110585
817711
959138
202942
996083
272509
187015
375716
101181
585603
725048
888070
112564
968582
348132
890152
629506
442125
53236
879936
875276
325939
36707
139110
473794
532943
254773
188540
85382
369507
496062
673689
557732
520761
620354
229979
377756
766965
606398
905238
161037
759038
906874
971779
948713
835596
482075
858654
239814
631687
791900
524118
885801
107237
49401
520094
740378
890986
792392
739767
828163
132288
696114
746081
885099
319593
363488
917034
539577
583872
500665
34980
654172
498575
651447
995586
697436
45108
61697
203851
28869
953527
466167
256156
302151
69960
499726
733256
280368
655527
143241
413348
237187
96436
717048
389368
80754
959247
991753
999108
667800
196803
881938
439558
315717
734197
352085
449677
987430
238975
15808
587822
765022
467425
516756
820244
735518
890610
651693
279452
566775
832881
6472
721639
323238
535489
280634
108231
531178
601884
791834
598522
34899
644395
706693
224852
697997
838190
444894
443128
604495
240775
56618
93191
538477
593922
510439
939174
965460
261437
476927
467592
182000
157926
653056
787945
728321
462398
36285
370989
671415
212741
32104
135066
313082
320479
18586
406592
479311
631967
363686
570531
333206
694552
283374
873024
438051
241303
592647
843703
750302
471113
142352
336555
773263
101732
559388
383256
434857
26400
81073
936984
281052
129670
442471
638414
266900
983065
162846
726711
542836
821029
612158
770781
499412
579215
59617
608652
673185
390229
877547
24520
963825
513552
788829
190159
214149
874564
873265
86213
246421
523318
294006
702377
133239
823987
911129
807968
878822
286632
915942
164691
983821
696851
179174
313965
500173
297780
38965
208690
109402
274374
596796
888940
929493
295255
860179
856401
68899
936230
31694
626338
600194
831394
910752
774271
866053
1354
303364
538405
969514
819418
387874
333635
305928
787254
156378
342008
279815
40818
993453
427939
27594
173053
958032
2173
292473
150202
785749
515411
352605
821499
658273
380717
81223
354664
92666
31487
777278
130176
316229
438019
486071
441572
459976
944837
629418
427940
82677
240126
472595
729903
367923
538216
541308
889145
306883
878203
943301
792608
462668
511306
795030
273726
293028
998088
397865
498589
324079
395182
656169
45677
543742
30764
421392
60529
68053
408901
564382
434015
32397
87226
731576
106885
282371
386305
680102
968720
618005
409557
12406
313034
736188
922486
191136
266904
729853
722162
784369
40904
769585
680914
399528
914285
123116
685328
815816
866938
605111
478822
927078
412062
525467
608846
321341
800516
45036
709854
991566
166257
103308
406583
457092
414138
662814
148433
284223
34134
736909
229627
38275
327366
21181
478807
383483
68305
772780
421237
789053
626859
450370
952459
885967
864909
517165
957662
69794
726140
151316
307983
226642
395303
664781
719003
58063
510526
65247
861658
52207
924928
430584
538260
51186
331542
454765
158336
616942
785516
66368
67635
449890
311617
500655
165287
655999
17451
53318
833111
4506
923605
68998
468013
142699
99257
620199
706754
791526
578958
815647
157508
575719
810102
572141
533867
23208
997205
657501
389760
979178
627651
470019
741020
154589
151560
124557
247240
286503
993832
544874
726517
658577
675367
539909
637988
762056
986014
706482
847845
143214
122543
688493
632583
242515
377112
412861
367250
431873
732748
635407
701108
206682
851372
911105
246180
341650
871295
512248
552004
389430
348581
460883
568959
155034
280995
405637
673332
360731
114364
528464
175538
347119
261597
58960
445669
380611
293931
384088
932826
398885
78888
851769
465919
498262
718225
546032
16166
335986
261927
378745
672855
693002
753337
742588
567334
375919
850358
535808
463759
522578
226303
645333
91234
575711
491204
164188
456458
216870
413544
602499
944780
546599
977254
276463
905746
140932
152775
771140
279098
609741
825467
341388
28528
91870
63831
488857
186576
859794
151968
449052
712225
27812
233422
834208
979516
53194
517467
606315
988528
302846
616011
755209
641757
440258
548397
182529
170460
718259
896513
40265
20673
482654
131450
784922
729139
845327
393419
802215
682304
2666
955228
77529
372217
593466
419577
829483
668978
75724
943655
641480
590221
805068
717522
782523
188968
671430
298318
910126
494433
349256
218461
40376
374128
979657
901314
696352
184859
407749
21668
701749
682383
703084
605964
212371
500374
591259
602295
113814
81683
504721
729310
628665
588961
117739
541296
388009
729749
943996
661597
149920
874611
281535
905970
663965
365192
537852
559106
49719
410249
892019
399622
285371
217332
372561
954782
261478
932871
247013
598498
495327
506218
210789
554386
359410
296267
257212
71704
160235
104713
358978
844568
945174
724501
70821
604833
118102
666277
680049
446915
127512
308994
854724
535195
272531
523974
936934
698053
889578
555390
627901
208013
163881
420510
685701
584843
923004
680377
289124
436595
930174
309207
322856
320977
714894
219366
725174
406924
643049
217369
200202
802441
845976
352115
537564
278707
899241
807565
558563
982793
244340
328500
681792
157624
606516
92770
856879
134138
814443
256556
609675
878428
707625
244864
911730
491843
391022
673995
517311
751444
442425
542805
135470
572945
260398
819356
341447
2214
543388
384812
235537
482703
751950
901707
774511
862356
685303
761893
970546
613659
874863
806770
64578
496838
923602
853011
153278
185498
245360
84724
632211
747810
662591
788819
736474
207439
653047
179903
645190
174913
849856
817642
936969
448998
221709
77009
902638
38818
774490
798014
655168
797770
178114
82339
817618
876505
124442
933282
427398
366878
512436
533966
889714
990131
525758
907345
115471
457093
65126
495264
707265
233311
629056
628051
561079
772688
199792
672180
943627
256063
451232
424697
805909
184974
444463
296703
257165
102289
589158
857516
799748
123932
825335
325894
784839
587256
720599
189026
403549
541429
873399
827718
296094
996855
300735
222438
987278
240653
242327
928707
718724
956269
394782
30442
813984
782067
326487
504572
290246
348890
161477
423855
396694
946539
33235
93494
283661
48146
217376
551796
6926
303528
941100
165791
888701
800760
473124
494647
465511
394268
404983
150339
589457
364344
385930
165215
337441
671849
922547
921475
793078
949253
39323
396844
451933
636344
430978
201962
4218
337508
131443
927648
694210
172811
113553
226976
17580
570139
831054
818836
99197
369517
841508
372971
297640
783800
567116
603496
144851
945187
74835
179122
428563
619694
585626
632877
794796
125022
872159
546146
786298
758960
347475
819974
763166
318897
19595
180067
805238
506931
720157
977613
536873
306365
681396
351585
702367
288204
35648
740111
64960
361943
703230
764801
280354
279211
795835
405077
710499
112587
981777
5868
543412
310755
157221
350483
448610
353111
124613
798513
474095
973778
552386
343378
273405
487159
582350
553582
612900
156189
29045
772553
199200
415561
232469
357653
766992
221575
217190
106212
42250
751085
517443
306417
315704
266062
912967
729267
67722
892446
842700
511497
78917
333292
70428
123848
875964
497344
176590
419039
951985
947075
740190
144011
166444
182649
323290
533195
593488
649143
664968
589567
809606
387620
550480
64165
59891
761985
893457
714510
229320
858552
318128
630341
544474
971753
445115
294355
627076
83423
724649
522222
443541
372385
515191
886329
81677
711437
453060
565742
223906
912582
593326
623207
192932
17877
782681
985870
373984
963551
389969
436242
771937
801220
942769
1995
527095
212026
430916
417567
224252
277135
761136
571578
555728
528020
809185
849104
927828
595366
218887
276890
479604
423432
51501
377991
918535
27963
133986
691934
449389
960084
515320
988287
245116
628278
486093
811529
513174
76107
948360
849276
766075
598746
460634
65264
575848
611950
312315
752060
169456
752618
332996
966226
73437
717304
752796
530467
62291
228267
240102
577990
13910
336526
494947
814902
724454
727934
559662
682866
569091
900259
135116
304328
286793
59760
485119
311820
702625
907174
589481
940625
47483
383268
416088
834683
500882
982458
254456
385240
861378
142777
728555
233710
153693
882845
515202
101090
334440
34754
208422
629107
8292
254415
653584
308160
23753
891609
47361
773686
689466
78069
443642
307580
877921
161744
130011
496557
569228
43030
336232
155961
892630
945303
767686
541766
137465
52657
656953
898634
373200
409632
266365
932778
44595
359588
813047
849718
715600
335682
685177
62396
733035
717569
153520
912876
721159
656519
897807
289272
955579
617425
702764
485425
714256
116453
274464
958585
554311
224317
560603
538734
937634
422574
30956
283230
380415
766433
619415
447423
445625
838713
437108
78584
73611
473511
403570
481413
216518
137652
809059
711421
145500
717640
63773
176391
241193
521269
869485
256639
833256
817183
542474
793868
374825
201797
814961
396605
172445
768645
121515
951731
232402
38330
732750
663436
420285
710612
740839
415421
636272
197803
335355
75646
382213
889467
109329
617075
931192
715491
944387
899729
822524
121281
820082
992297
355774
375430
195726
170096
994629
101857
158019
465428
733255
309794
5475
663128
171586
305406
722927
503971
450957
965837
500038
260591
90296
197108
777077
183421
927046
822794
732212
418819
920909
161254
404066
262606
233374
795448
153976
78810
353954
107604
36848
920438
74648
491264
960628
121387
413979
524678
558359
446659
686534
699741
875052
875335
284934
904347
490243
393668
37709
459190
612096
953486
721989
698450
715635
495063
418688
715876
590715
828174
540603
419370
921033
609482
179591
188063
595164
106114
748676
72723
819390
35416
49258
740516
802511
13505
946683
160839
996187
725403
997003
600476
132988
839134
499993
978775
888299
645113
447917
823892
960815
974184
420872
942586
462515
51706
957377
164338
384271
427666
273282
754288
935632
152329
219626
163937
525775
95970
914547
45664
728807
678046
268780
863577
496051
830918
696170
770072
188623
444916
137280
938999
408988
534892
497305
172471
679186
769063
456436
541804
299909
927522
69622
989960
821777
299540
684545
454156
259200
532376
299475
977484
585962
143120
99755
368707
571294
810411
475169
622141
508575
70101
738118
848632
482542
327786
41179
576902
79067
929148
576442
520050
407016
343243
650357
103909
323429
606419
978397
284230
260829
144744
837135
829123
951898
388406
897179
495532
162462
788124
366638
842160
274205
103577
963234
496983
412917
761778
663055
325619
617324
577876
52869
261843
708623
196943
665492
300028
270720
449927
60991
763305
433727
403254
287988
422847
278398
778900
732390
726141
170079
828990
948408
685114
403935
823533
281697
583207
258530
653395
995432
882144
77249
385100
479699
609989
851198
851037
322740
433144
841414
437656
517279
48593
13521
414722
469213
97572
564393
911831
394338
808871
533493
919255
836504
821527
352864
72018
387215
483892
806129
287325
395417
410954
647378
360133
560982
552485
874064
653635
291040
84015
928485
716482
219913
543818
27490
493794
120392
806834
920240
950888
441625
805597
95535
553600
496341
967435
81570
172679
983663
82658
920212
808606
607687
674322
492292
879970
306044
753551
506258
790311
606342
50352
842590
448732
111061
15335
808089
101259
727587
190149
393851
3209
760981
206467
294382
787948
202936
935056
157352
269903
832515
275763
362278
335969
867314
192560
673942
832559
861207
863553
63602
484104
964025
460476
170133
277599
455302
652257
139481
983745
552010
777665
934335
462182
995829
991342
464239
250476
642983
212168
185928
64491
373063
544679
646113
793935
346833
974226
568234
38309
232739
415931
24007
603709
333719
770186
115858
174078
718207
447638
879532
660610
320742
895058
990342
44191
216059
51770
157563
806600
747666
932999
258177
317677
636455
764246
765535
621337
679300
172374
572882
891682
694015
273883
358931
901668
850730
958878
825696
276700
255904
792115
565017
255598
931529
51761
639480
319098
285543
867484
925778
290341
649159
846517
495704
705492
809737
951336
241383
298806
137494
612131
301848
227223
693327
550179
545452
900405
899197
861696
770321
678280
400467
570739
202830
706684
296325
57464
118701
63132
392729
92546
372839
326827
721755
838223
612920
177278
948218
847985
744918
817456
530613
820464
635869
94610
985261
522224
398432
533390
878718
140744
680086
223117
12843
190999
308620
691956
298069
683040
700524
728882
614127
870059
998095
748527
807316
370367
239362
319893
960448
396880
941145
134941
870425
724898
316524
275159
32311
46254
785783
686185
897192
60572
492418
537144
993032
849708
230036
39638
955092
889493
448035
934916
569053
270531
661979
209307
381927
3201
798586
899240
573563
753222
52874
79826
518566
89089
132560
167137
166286
619762
166318
140038
297133
485798
764590
926254
644691
470233
599727
483053
884832
951799
74649
581112
319484
221153
833968
979538
113689
571673
510604
829672
635654
170324
79839
794274
856586
543959
458476
527997
105908
462815
789211
711156
125267
164536
141576
659816
521848
981591
27277
999636
255830
312118
699142
978522
684608
582947
154747
962223
210940
98424
208699
320447
977857
774150
582432
184375
117290
361815
596821
129091
497076
472733
929881
615005
178624
145508
331412
546838
171952
800310
659737
571926
270891
338545
108618
786543
193064
574461
10041
377809
316044
64727
46465
881987
821173
356056
700093
339717
879751
41663
990415
789984
213623
381196
478065
392103
124266
666634
863155
840099
390313
872748
851997
545462
444235
76076
888547
849210
192305
423575
670714
138956
607799
982532
160951
91225
116366
560264
170519
19472
889604
770382
660250
117114
678599
107249
61801
767764
573227
969119
393070
864569
814455
911514
649283
495509
392378
395585
704392
874994
722271
998798
997526
908852
537112
348075
871145
690140
848897
743967
895210
664741
215733
669576
954847
674042
841763
733755
561538
644036
176593
902415
913374
325199
524197
636723
776476
46833
983603
208677
525932
472916
653634
664738
725376
611986
321998
578553
457600
875301
837289
764979
425728
884874
750056
234992
802256
143852
420700
752238
282265
965920
4706
466519
455230
830862
293038
666966
368446
849734
397137
316920
474293
919492
55083
698398
301363
405952
907154
773427
116068
941358
616989
643224
80430
60940
694184
374286
232141
931016
555660
663591
844288
78056
202103
127814
112593
449598
642018
899010
315928
387154
635415
587635
861496
400785
520079
718906
221399
632855
591642
797586
547044
513657
72783
945563
292259
462342
894804
436236
481668
608121
818235
313280
812661
772886
955557
597235
332137
792754
191897
154007
767335
319786
142842
879265
570913
212814
918980
415997
930871
431533
911357
575950
803328
307132
817542
619584
536805
398154
33570
691585
465264
497061
915749
286587
378944
303356
105544
429905
78228
26699
718219
486138
340989
605898
472895
670068
724440
573033
317908
380103
350612
851603
386923
125262
679160
914349
886978
201382
890554
338328
805078
737050
378854
626056
982901
283613
996548
82794
870992
640379
750055
651746
474672
979461
89876
492773
365634
433066
105227
408192
597870
170989
420597
207827
260475
56529
950795
376198
894879
212635
541007
37096
343982
974252
810389
975363
246731
872683
765417
437406
580576
138190
311821
997465
222175
721107
523625
70750
671612
879590
818888
22380
910146
837246
83970
227565
48103
61591
277424
323830
845554
127336
473246
184485
788539
871251
206769
602912
376228
90095
219480
953722
274266
780607
549765
265883
593382
528158
708019
799916
358980
928356
859098
688873
545727
872340
994607
880201
429240
382048
92805
100368
751897
402583
409230
64685
358856
55703
907003
196471
785023
668509
536192
635070
816561
472139
734811
541225
606319
229868
426936
487522
720256
470931
774223
612597
197919
826034
866457
88332
154579
395717
397145
485473
768145
249751
760925
155385
90418
733686
279666
20089
135509
530779
813540
51807
346086
677664
179201
344818
689831
631317
495201
186125
935117
949417
79421
996738
646762
65735
224320
652521
769865
977119
814796
675676
576245
305101
996357
303649
163465
530643
750853
28043
477269
606376
896375
191035
632381
125157
440192
974591
566172
76891
900548
633589
839184
124736
395024
465999
810631
606704
424729
902735
547857
481678
232319
305255
784823
238307
429697
424559
786866
635337
245422
465444
232385
391632
214001
588398
308866
932642
477866
524241
338435
403698
443305
27556
665471
372530
667486
245555
920009
713118
85557
513523
721571
328401
962422
936612
360978
702444
687246
897924
857889
893538
957888
136185
850286
779670
135326
219347
648970
627100
778401
71277
914805
856654
84305
820735
488623
57768
892851
648263
522973
748549
352303
910899
460527
507815
513737
521584
38290
938720
304399
256823
718663
591279
871616
302283
621743
683616
240763
422947
475227
116998
539055
679825
414559
772716
272369
800890
175009
836650
859068
362394
476528
522059
615567
193160
53415
322488
123217
413113
904641
801454
456233
819315
873864
590436
468098
448255
261986
693275
656210
338123
5255
495293
951636
653705
173910
252442
756240
411456
356551
790645
808415
572281
451915
177125
48828
425774
725700
912981
523551
349566
926313
438548
352598
190513
272911
536776
206108
547244
717455
202637
784695
870856
933322
955065
475317
88309
834907
408157
992345
866019
218014
811000
219771
172437
817956
599733
160286
679246
786990
112503
302555
636715
14001
626593
27888
632566
919643
383159
309582
506810
878164
310377
778305
797202
570503
698225
57237
707860
41309
814801
524985
422516
380282
268010
377681
634474
611484
974476
33846
472505
392781
136643
879528
212439
365464
115719
934887
86501
627053
806605
709616
168677
577031
70198
987830
881332
528508
738317
743255
815559
685339
721058
817583
969702
341509
97234
477724
705180
427162
753821
225277
410365
256257
172294
237376
21625
756217
274147
9226
756591
691894
948293
329468
918094
960400
881748
743283
353876
233954
477242
626471
222135
459360
518991
87868
152224
282900
901063
886468
638996
727038
706021
459044
111076
135633
824107
91717
448332
923600
92104
639876
561982
463015
583623
687976
548363
790914
18289
961959
378703
339723
165439
21051
675708
328989
498754
635461
72195
718002
90064
251088
159615
810472
655094
816588
629282
70
800035
792930
164535
359024
956670
849451
13873
235919
155232
460177
441159
187666
892784
743196
815207
740801
703645
729970
897942
812550
814732
779851
608445
194962
761058
295690
155305
756886
359926
328668
566972
410299
273289
377211
832337
629753
171400
899833
771045
604614
973314
418351
322381
819715
251324
694313
623305
237027
52961
643858
118166
90996
721230
487402
24614
50267
55026
481055
690245
533965
666309
730905
549272
30267
290954
179744
677654
798474
55559
193165
157609
728459
707797
788661
415131
87071
214809
802397
50568
284507
171536
30026
619642
569577
541179
873498
240229
593542
187482
772546
812723
683497
228211
23865
162317
714306
582827
940727
466554
557084
210596
685549
173238
338168
599587
252850
317085
51179
836481
379030
291718
923619
53291
551192
984150
79558
916084
637811
910143
407215
243197
633830
808357
399717
682232
479341
455905
279722
735008
113051
873562
782545
370957
776482
409434
161639
849268
785521
242578
709358
246039
822646
455615
771560
738113
383997
843052
51724
256974
323397
387323
761136
800784
892348
593697
668049
774961
734325
734247
81125
209467
766181
374390
666716
592182
99201
361494
845711
497222
186040
298066
873718
821467
635399
489288
583296
608694
252903
357694
249348
130569
981311
635599
685897
267466
571501
576
606774
697374
240694
529393
447445
381866
211530
630041
577743
800465
210201
65351
351968
176715
945828
193240
888897
806682
699366
804962
703272
321964
372559
344904
770864
106997
253720
468021
341642
360547
732476
818186
778468
761975
68157
436977
845807
216847
673922
556399
278143
139484
149039
176427
438755
722514
872654
646266
485976
398346
553768
422509
386093
719403
642387
153667
272829
754376
104671
66994
199034
817208
900089
741518
693092
731343
622735
100845
901373
210762
901008
719870
694550
888859
724055
824312
312321
721835
724867
183589
819201
446995
744436
661108
562727
646651
82824
131191
550193
378398
623322
703309
878930
910795
326341
98196
452215
554810
436067
906661
509173
204920
64559
705792
61182
712017
680853
635810
742735
405688
28076
61648
852645
885810
450926
673151
817006
737488
26245
713408
671046
203530
568229
992881
752402
570880
131974
680136
394594
814701
609115
439761
519752
128582
476052
667228
170096
771061
843351
758007
119989
946310
958967
999724
395677
731872
156355
170781
103662
623736
492348
947356
365708
570263
115858
936098
478928
113355
776333
652729
730277
851167
577170
480199
408036
289067
776264
309123
493129
141466
892830
157953
155847
199976
187779
532226
483392
188501
484683
169776
230268
826731
475809
829331
895961
145789
403432
754942
188812
839209
636703
902190
887615
668710
908525
160943
37773
537467
739094
360852
106653
889759
885766
25391
384141
132979
801598
645475
207211
65241
30890
457070
397167
190064
722174
565419
810620
838317
816517
52887
658474
702362
568608
601973
144088
441178
73010
494815
847121
263889
836302
157822
503157
855741
685326
181279
87228
215994
629704
907426
631572
186976
794724
126631
991311
906632
198600
640024
138744
935353
628340
647915
296079
296772
509867
637075
366510
983224
705014
842986
320039
906497
539765
959676
756087
457431
759150
293568
191880
164019
610425
939997
616904
668161
229429
954755
47822
576928
186180
197893
855251
131610
30820
897864
757238
884379
459665
160514
65989
67522
945381
414651
478156
971940
711141
242568
311918
956031
748271
780540
627518
623124
184571
229312
924511
900358
14635
624172
415813
898615
342748
80208
973717
693279
204815
189303
95627
360162
528043
932255
378293
297359
917135
262389
956114
91645
585791
81368
714702
821362
940248
462573
784607
527494
292575
848651
377634
832329
929059
757484
739292
758098
743276
58898
528750
594162
398005
712078
781946
362756
34020
854586
345572
449132
806736
622328
587577
90827
712315
242280
968174
385273
459156
872717
160492
191717
457355
324511
147571
769058
754054
511783
474355
279431
27947
901831
333483
681845
854958
8741
726071
400751
935483
892473
699267
759414
174328
310692
431034
698661
684564
269366
647717
735082
619568
607389
842038
949271
563099
233972
959027
97418
768073
312834
156701
317438
343922
827493
426163
645119
608729
260476
778597
721247
857405
284683
903705
70880
695403
967231
617746
166748
664127
987985
917014
797401
835300
250693
205105
785099
617280
992423
722268
74414
758460
215987
669179
928651
817208
554553
401181
31893
878220
350835
590529
170640
942456
288642
944183
718484
52177
336730
749920
970200
364657
50576
102003
680768
757755
723849
527442
40332
745094
173446
266214
42619
238989
749266
36578
651331
379135
197779
932624
888841
198012
787534
413694
994540
599358
781187
741460
380731
612972
985014
559569
223580
931399
727018
882251
747987
999914
816650
663796
839035
323443
411239
515440
326736
767586
674448
551861
982593
687160
747984
584783
815009
560165
345250
35543
930996
806079
101168
666137
924189
681051
261233
913276
616632
262534
21924
541792
610
263075
144108
861161
177947
511189
788772
890626
455898
552267
136759
330424
188533
792904
167445
324075
755557
561130
168042
847235
292443
588664
249893
311332
777787
363818
611125
697328
833911
700600
594987
647571
210098
53533
531641
404659
287447
626555
787260
946725
119623
850887
461442
433435
958160
297270
534684
257730
811678
376890
13909
360699
582717
263013
772497
517920
220028
494457
259961
553209
121462
102494
685808
295322
156879
746069
830442
94521
727194
191788
548003
795115
740088
199928
983714
512124
744467
417867
948811
119993
778465
500869
560121
434438
795109
186717
412919
360374
835343
22461
716843
142717
219902
773747
423571
79133
347818
656593
875686
378301
304006
383331
775069
283444
26160
163140
409872
299829
242854
262295
548139
265344
493469
20478
407184
113319
429832
187765
222955
177272
933169
186616
500004
416847
104378
402271
60590
144601
314432
866076
74609
273212
784917
52549
708504
432573
7691
708673
922930
63393
197026
204734
577424
639490
155314
246327
471048
389218
850804
780618
608961
943375
739664
104485
823476
941372
98213
423199
258031
922715
629473
4546
681252
32822
537430
667473
7672
947201
401064
724295
605202
90901
870499
758376
526842
952691
525743
736646
116746
265993
699928
177337
443267
480533
281680
990018
526595
346491
558709
55131
300653
101238
149441
873579
970564
129186
302237
208040
380527
362107
744244
626976
44669
92727
801636
868575
727278
383799
354368
141867
570487
509235
971267
680767
146985
171127
712198
579182
679721
943217
518556
698569
469099
538154
540188
417348
162931
808098
729891
171581
467754
975595
731967
301663
38959
736288
275446
813814
851553
297206
344622
342831
429767
645862
332225
19598
40499
467742
876069
485966
627627
820105
401573
709871
581739
994646
818209
414100
560645
292908
489227
821654
63594
973938
789389
675688
627683
171763
856872
801614
763979
185194
478754
502097
368434
512276
497998
952244
427265
410704
153484
601313
429149
582271
941187
25107
422428
364764
478739
115983
117899
73229
257252
683944
148761
655815
603462
462554
433711
902015
960314
233767
637115
477666
575520
830145
734920
419577
950975
596657
581902
899696
803331
781976
978021
93336
194634
567426
93421
965231
455329
533351
268341
59334
497532
728280
90003
612518
830205
949570
261641
477683
760122
54487
806291
955444
556831
427825
977846
938795
999957
334727
253006
983813
128786
723653
460137
840466
4117
935664
561694
417229
767604
122441
695959
986010
263265
41499
186151
744792
522710
572989
864048
692569
737149
591361
758145
422750
394548
614342
96595
688313
69639
343241
663879
400543
559073
746863
896065
915034
830030
534706
157877
658589
106402
984890
670285
644914
854526
201763
82807
686401
901291
310327
480441
585804
810435
117513
469100
847265
952005
232134
181780
474262
933640
483789
153406
274848
836723
51845
747940
616404
178699
287913
238506
881538
691178
227581
151770
740689
373110
675854
836126
541828
912330
622500
723718
972811
772067
292660
729419
41307
366315
606303
631499
390654
715585
491102
350936
291677
380050
308911
295352
438881
512619
673849
244765
612611
264178
59087
660371
838813
898508
82647
931434
108018
231999
473694
511628
455880
596409
915076
384715
797410
